35 35 35 35 35 35 35 35 35 35 35 35 35 35 35 35 35 35 35 35 35 35 35 35 35 35 35 35 35 35
35 27 27 27 27 27 27 27 27 27 27 27 27 27 27 27 100 99 106 106 106 106 106 106 106 106 106 106 109 35 
35 27 27 27 27 27 27 27 27 27 27 27 27 27 27 27 102 101 105 105 105 105 105 105 105 105 105 105 107 35
35 27 27 27 27 27 27 27 27 27 27 27 27 27 27 27 102 101 105 105 105 105 105 105 105 105 105 105 107 35
98 27 27 27 27 27 27 27 27 27 27 27 27 27 27 27 102 101 105 105 105 105 105 105 105 105 105 105 107 35
35 27 27 27 27 27 27 27 27 27 27 27 27 27 27 27 102 101 105 105 105 110 114 118 122 126 105 105 107 35
35 27 27 27 27 27 27 27 27 27 27 27 27 27 27 27 102 101 105 105 105 111 115 119 123 127 130 105 107 35
35 27 27 27 27 27 27 27 27 27 27 27 27 27 27 27 102 101 105 105 910 112 116 120 124 128 131 105 107 35
35 27 27 27 27 27 27 27 27 27 27 27 27 27 27 27 102 101 105 105 910 113 117 121 125 129 132 105 107 35
35 27 27 27 27 27 27 27 27 27 27 27 27 27 27 27 102 101 105 105 105 105 105 105 105 105 105 105 107 35
35 27 27 27 27 27 27 27 27 27 27 27 27 27 27 27 102 101 105 105 105 105 105 105 105 105 105 105 107 35
35 27 27 27 27 27 27 27 27 27 27 27 27 27 27 27 102 101 105 105 105 105 105 105 105 105 105 105 107 35
35 27 27 27 27 27 27 27 27 27 27 27 27 27 27 27 102 101 105 105 105 105 105 105 105 105 105 105 107 35
35 27 27 27 27 27 27 27 27 27 27 27 27 27 27 27 102 101 105 105 105 105 105 105 105 105 105 105 107 35
35 27 27 27 27 27 27 27 27 27 27 27 27 27 27 27 104 103 106 106 106 106 106 106 106 106 106 106 108 35
35 35 35 35 35 35 35 35 35 35 35 35 35 35 35 35 35 35 35 35 35 35 35 35 35 35 35 35 35 35
