91 91 91 91 91 91 91 91 91 91 91 91 35 35 35 35 35 35 35 35 35 35 35 35 35 35 35 35 35 35
91 94 94 94 94 94 94 94 94 94 94 91 95 95 35 95 95 95 95 35 95 95 95 95 95 95 95 95 95 35
91 91 91 91 91 94 91 91 91 91 94 91 91 95 35 35 35 35 95 35 95 35 35 35 35 35 95 35 95 35
96 94 94 94 91 91 91 94 91 94 94 94 91 95 35 95 35 95 95 95 95 95 95 95 95 35 35 35 95 35
91 91 91 94 91 94 94 94 94 94 91 94 91 95 35 95 95 95 35 35 35 95 35 35 35 95 95 35 95 35
91 94 91 94 91 94 91 91 91 94 91 91 91 95 35 95 95 35 95 95 95 95 95 95 95 35 95 95 95 35
91 94 91 94 91 94 94 94 91 94 94 94 94 95 95 95 35 95 95 95 95 95 95 95 95 95 35 95 35 35
91 94 91 94 91 91 91 91 91 94 94 91 91 91 91 95 35 95 95 95 95 95 95 95 95 95 35 95 95 97
91 94 94 94 94 94 94 94 94 94 94 94 94 94 91 95 95 95 95 95 95 901 95 95 95 95 35 35 35 35
91 94 91 94 91 91 91 91 91 94 91 94 91 91 91 95 35 95 95 95 95 95 95 95 95 95 35 95 95 35
91 94 91 94 91 94 94 94 94 94 94 94 91 94 91 95 35 95 95 95 95 95 95 95 95 95 35 35 95 35
91 94 91 94 91 91 91 91 91 91 91 94 91 94 91 95 95 35 95 95 95 95 95 95 95 35 95 35 95 35
91 94 91 94 94 94 94 94 94 91 94 94 94 94 91 91 95 95 35 35 35 95 35 35 35 95 95 35 95 35
91 94 91 91 91 91 91 91 94 91 91 91 91 94 94 91 95 35 95 35 95 95 95 95 95 95 35 35 95 35
91 94 94 94 94 94 94 94 94 91 94 94 94 94 94 91 95 95 95 95 35 95 95 95 95 95 95 95 95 35
91 91 91 91 91 91 91 91 91 91 91 91 91 91 91 91 35 35 35 35 35 35 35 35 35 35 35 35 35 35
