91 91 91 91 91 91 91 91 91 91 91 91 91 91 91 91 91 91 91 91 91 91 91 91 91 91 91 91 91 91
91 52 52 52 52 52 52 52 52 52 52 91 52 52 52 91 52 52 52 52 52 91 52 52 52 91 52 52 52 91
91 52 91 52 52 91 52 91 91 91 52 91 91 91 52 91 52 91 91 91 52 91 52 52 52 52 52 91 91 91
91 52 91 91 52 91 52 91 52 91 52 52 52 52 52 91 52 91 52 91 52 91 52 91 91 91 52 52 52 93
91 52 91 52 52 91 52 91 52 91 91 91 91 91 52 91 91 91 52 91 52 91 52 91 52 91 52 91 91 91
91 52 91 91 91 91 52 91 52 52 52 52 52 52 52 52 52 52 52 91 52 91 52 91 52 91 52 91 52 91
91 52 52 52 52 91 52 52 52 91 52 91 52 91 91 91 91 91 52 52 52 52 52 91 52 91 52 52 52 91
91 91 91 91 91 91 52 91 52 91 52 91 52 52 52 52 52 91 52 91 91 91 91 91 52 91 91 91 91 91
91 52 91 52 91 52 52 91 52 91 52 91 91 91 91 91 91 91 52 91 52 52 52 52 52 52 52 52 52 91
91 52 91 52 91 91 52 91 91 91 52 52 52 52 52 52 52 52 52 91 52 91 52 91 91 91 52 91 52 91
91 52 91 52 52 52 52 52 52 91 52 91 91 91 91 91 91 91 91 91 52 91 52 52 52 91 52 91 52 91
91 52 91 91 91 91 52 91 52 91 52 91 52 52 52 52 52 52 52 52 52 91 52 91 91 91 52 91 52 91
91 52 52 91 52 91 52 91 52 91 52 91 52 91 91 91 52 91 91 91 52 91 52 91 52 52 52 91 52 91
91 52 91 91 52 91 52 91 91 91 91 91 52 91 52 91 52 91 52 91 52 91 91 91 91 91 91 91 52 91
91 52 52 52 52 52 52 52 52 52 52 52 52 52 52 91 52 91 52 52 52 52 52 52 52 52 52 52 52 91
91 91 91 91 91 91 91 91 91 91 91 91 91 91 91 91 92 91 91 91 91 91 91 91 91 91 91 91 91 91
