35 35 35 35 35 35 35 35 35 35 35 35 35 46 46 46 46 46 35 35 35 35 35 35 35 35 35 35 35 35
35 27 34 34 34 34 34 34 34 27 27 27 35 36 36 36 36 36 35 27 27 51 51 51 51 51 51 51 27 35
35 27 33 33 33 33 33 33 33 27 27 27 35 36 36 36 36 36 35 27 27 50 50 50 50 50 50 50 27 35
35 27 32 32 32 32 32 32 32 27 27 27 35 36 36 36 36 36 35 27 27 49 49 49 49 49 49 49 27 35
35 27 31 31 31 31 31 31 31 27 27 27 35 36 36 36 36 36 35 27 27 48 48 48 48 48 48 48 27 35
35 27 1 1 1 1 1 1 1 27 27 27 35 36 36 36 36 36 35 27 27 1 1 1 1 1 1 1 27 35
35 27 1 30 1 28 1 30 1 27 27 27 35 36 36 36 36 36 35 27 27 1 30 1 28 1 30 1 27 35
35 27 1 1 1 26 1 1 1 27 27 27 35 36 36 36 36 36 35 27 27 1 1 1 29 1 1 1 27 35 
35 27 27 27 27 36 27 27 27 27 27 27 35 36 36 36 36 36 35 27 27 27 27 27 36 27 27 27 27 35
35 35 35 35 35 36 35 35 35 35 35 35 35 36 36 36 36 36 35 35 35 35 35 35 36 35 35 35 35 35
47 36 36 36 36 36 36 36 36 36 36 36 36 36 36 36 36 36 36 36 36 36 36 36 36 36 36 36 36 47
47 36 36 36 36 36 36 36 36 36 36 36 36 36 43 44 45 36 36 36 36 36 36 36 36 36 36 36 36 47
47 36 36 36 36 36 36 36 36 36 36 36 36 36 40 41 42 36 36 36 36 36 36 36 36 36 36 36 36 47
47 36 36 36 36 36 36 36 36 36 36 36 36 36 37 38 39 36 36 36 36 36 36 36 36 36 36 36 36 47
47 36 36 36 36 36 36 36 36 36 36 36 36 36 36 36 36 36 36 36 36 36 36 36 36 36 36 36 36 47
35 35 35 35 35 35 35 35 35 35 35 35 35 35 35 35 35 35 35 35 35 35 35 35 35 35 35 35 35 35
